1.610867641186815913e+00
2.683394518959097752e+00
2.569765512748740210e+00
2.563828534324975816e+00
1.357392273420300555e+00
1.515836337826738101e+00
2.877941804575692597e+00
1.493240936791529139e+00
2.812649555146900848e+00
1.316643638361559399e+00
2.201306694570985822e+00
3.230793523398816536e+00
2.079984001861117537e+00
2.224328519973843399e+00
1.914662029968621226e+00
2.659792222787747740e+00
2.342667367062292616e+00
2.563617607766167872e+00
2.302261582763274639e+00
2.373915325441565471e+00
1.541322880557949082e+00
1.623652933249692287e+00
1.853314757783129929e+00
2.889228805053687399e+00
1.718652461614758487e+00
2.342602227764048362e+00
2.043030682161844691e+00
2.944121659988824469e+00
2.149833649518178458e+00
1.787407305459799645e+00
2.132721484436713055e+00
1.919053014955259595e+00
2.835791936685605030e+00
2.326277618049455764e+00
2.331168570039152677e+00
2.077565691621517718e+00
3.869556600006430980e+00
2.476863484886462796e+00
1.948994594009852976e+00
1.519858547525308801e+00
2.431042269875138384e+00
2.021843359507134341e+00
1.730718064571780790e+00
3.274269263776327321e+00
2.612540553211909256e+00
2.829469766633279537e+00
2.169349681554425313e+00
1.506886367943965910e+00
1.739316029074000181e+00
2.088306763039392777e+00
2.208665597268198777e+00
2.741006434328375541e+00
1.507491140746743952e+00
2.499385429198740738e+00
2.574342406137442918e+00
1.889906869122127686e+00
2.056217804574500096e+00
2.151405251770325933e+00
2.160392904677326253e+00
1.626861280000287291e+00
2.465944310102881953e+00
3.446968628863844142e+00
1.824677805871134373e+00
3.306734421821803771e+00
2.717195567654089317e+00
1.762305551241116319e+00
2.090762031341354632e+00
1.723458237301458862e+00
1.829340047631093036e+00
2.130237353569881531e+00
1.510332195939085631e+00
2.169026791269686338e+00
2.043808465958809162e+00
2.055801339317048448e+00
1.740451102227905666e+00
3.398107183200816284e+00
2.814611142886220385e+00
1.841356084394945691e+00
1.677214904074743496e+00
2.248170591399044405e+00
2.487372098904915951e+00
2.532805457515999503e+00
1.572693101082543787e+00
3.217634856879427296e+00
2.032121529676377047e+00
1.900965209137953416e+00
1.556201175267165837e+00
2.085073852989978604e+00
1.706745114958646337e+00
1.722050810912169494e+00
1.673223673789623112e+00
3.968386797523681953e+00
2.024686540908159582e+00
3.528297415033018858e+00
1.561870133342148970e+00
2.217493078728668632e+00
2.856876776466136914e+00
3.433461229601682874e+00
2.762247581500723470e+00
3.747580315228492776e+00
2.180382532880531521e+00
1.944484341326683685e+00
2.050684436500747054e+00
1.575222656579365887e+00
1.640388720175070203e+00
2.305933265653584030e+00
1.802680216261605350e+00
3.423744514538944017e+00
1.587450403451945879e+00
1.484644921766169468e+00
2.201363562833288157e+00
1.411668674703568716e+00
1.408135365013271523e+00
2.081395045433271029e+00
2.549997704286965039e+00
3.897939799984174947e+00
2.037730501169322306e+00
1.483084966940594329e+00
2.602894214296354036e+00
2.038556838045879616e+00
1.805632267497890187e+00
2.729417196884558194e+00
1.000007554193826032e+00
2.677705976730666571e+00
1.536628474098186370e+00
2.520369879309880101e+00
1.927723134554446993e+00
1.511535391345478763e+00
1.421880938505495573e+00
2.348919977193195230e+00
1.930653313489462786e+00
1.705346686762360564e+00
1.607403110140834590e+00
1.439634586301574259e+00
1.899002042529946088e+00
1.697764178889386244e+00
1.739245418294779633e+00
2.188812474597586100e+00
3.378889682709318887e+00
2.204860162472309426e+00
1.264064320729026303e+00
1.741825073347574637e+00
1.410292513539048720e+00
1.459129697633323897e+00
2.535655994976012018e+00
2.543061944416420861e+00
2.160243093197741882e+00
2.537567982118959176e+00
1.549821545150519286e+00
1.464447583477385351e+00
2.481031036253399158e+00
2.189985461696787983e+00
3.166199955515009545e+00
2.933722986953348322e+00
2.026259702657079220e+00
1.718614795843295795e+00
2.292127380391239200e+00
3.924351501026556832e+00
1.790337596223425365e+00
1.787784010333924423e+00
2.000697370700287525e+00
1.905215565193361993e+00
1.489302684078968486e+00
2.168174869341101818e+00
1.877382870064016496e+00
1.693541264906515353e+00
3.643631356559701384e+00
1.555206688067285681e+00
1.547271694348819615e+00
1.548813642064821527e+00
1.859822891431257119e+00
1.827093773481200056e+00
1.719976992079908618e+00
1.855057642612714330e+00
2.954095973718462886e+00
2.903020614497825225e+00
3.047454627094030588e+00
2.266157523457908329e+00
2.198387916378232720e+00
1.612996582301635451e+00
1.815946728248212239e+00
2.151049469195468689e+00
1.298700308278998294e+00
2.409148773406021959e+00
2.281130578506039619e+00
1.711836551052025701e+00
3.050545168056737921e+00
1.558302924032826775e+00
2.393117121685588433e+00
2.587977242262015753e+00
1.560169885521351718e+00
1.733694368960297272e+00
1.916228895930231824e+00
3.061555189542720434e+00
3.476424719227700688e+00
2.416486568716965877e+00
3.645360854840424381e+00
1.538804135882424928e+00
1.666766893348224254e+00
1.256200674912872461e+00
2.155958760001218000e+00
1.588496010611518017e+00
2.533932958284927928e+00
2.606996542284710117e+00
3.412835135380404061e+00
2.516613323171783989e+00
1.514628654541327002e+00
2.673607304897828385e+00
1.623935868743369371e+00
2.014929960268832865e+00
2.715607143554174208e+00
2.421873791201404558e+00
2.938760511188482027e+00
2.011286164663983467e+00
1.586644787730864703e+00
1.541766529647106809e+00
3.453842757201085689e+00
1.535166960567579064e+00
1.931694754162868843e+00
1.563342511196657014e+00
1.506678531253479392e+00
1.514651029945448313e+00
2.043303376497261237e+00
1.859480706432302233e+00
1.546013874522353726e+00
1.703127979794235136e+00
2.037259340023947818e+00
1.477379078380097743e+00
2.097411391922443080e+00
2.138806560694911596e+00
1.919225940969867761e+00
2.332216182728858112e+00
1.967275943729905219e+00
3.663212950556915093e+00
1.727675609085432828e+00
2.335314536082814030e+00
2.844688960866426974e+00
2.154053034868955940e+00
2.702201650354967732e+00
1.607274102200631383e+00
2.155807702230743583e+00
2.682969069055441302e+00
1.351916925758220200e+00
2.054134313098165521e+00
1.932058249829158303e+00
2.034763748711758247e+00
2.943769593944392415e+00
1.852878446260697087e+00
1.373867024077545684e+00
1.469481691524801015e+00
1.771022079301983521e+00
1.827584230779847774e+00
1.403890078473832626e+00
1.510931652950965542e+00
2.044390517687893816e+00
1.537575507173587486e+00
2.446645035230764709e+00
2.864133946858405277e+00
2.042328572809935405e+00
1.591057556354826819e+00
2.519412545665119740e+00
2.065461304219542882e+00
2.663862119840932685e+00
1.595102127642803458e+00
1.464343338248767612e+00
1.790768095333706622e+00
1.544962491957195816e+00
2.489918933186359595e+00
1.624254932448842226e+00
2.622436464430347502e+00
1.557013069219203683e+00
1.416837662847641122e+00
1.820566544379229823e+00
2.696058811403011291e+00
3.161741397579297175e+00
2.184511793122204892e+00
1.292891144134401094e+00
1.466729654035247465e+00
1.621982575045822550e+00
2.880352409782713341e+00
2.161922733431713262e+00
1.731711872003403041e+00
1.760101347000553318e+00
1.480648945527550442e+00
1.762647378792118857e+00
1.955198050592464654e+00
2.159507010071111122e+00
1.939758582923464925e+00
3.123855596113188859e+00
3.085449160283753489e+00
2.378955042117626206e+00
2.733494133123598235e+00
3.021715472608224484e+00
1.729767392113287006e+00
1.531673831480079295e+00
1.524333908777174118e+00
2.603434430712407543e+00
2.936274798278971865e+00
3.666559849794615911e+00
2.086635450198388142e+00
1.582005718073601130e+00
1.825910996072344972e+00
1.549134449147765658e+00
2.451170250634133740e+00
2.026856256800065204e+00
1.250396509313850046e+00
1.334059694780462824e+00
1.838687136632688457e+00
1.667510985016585900e+00
1.587121852684397760e+00
1.631064846659494361e+00
2.704585134818326075e+00
3.813652786891343460e+00
1.307851731590086386e+00
1.276369426599671897e+00
3.698538000172108653e+00
1.941081809036351968e+00
3.577114885795225963e+00
3.230067489144621273e+00
1.333954436007765532e+00
2.038999437798176828e+00
2.417822970659913473e+00
1.590511903156288875e+00
1.744521061253900607e+00
3.465935833723357007e+00
1.404479066667152942e+00
2.714456926418842730e+00
2.006858790820601257e+00
3.768027305158422990e+00
2.142661827713733924e+00
2.795908128782762070e+00
1.514847167829133312e+00
1.704073777287101743e+00
1.938241503948759492e+00
1.868018945291339161e+00
1.317572562550840765e+00
2.864347553804023949e+00
2.058790595765918052e+00
1.951238405118298935e+00
1.386616258192997941e+00
2.046557466294581573e+00
1.591458625543832550e+00
1.742978406697300198e+00
1.426015561954047328e+00
1.515381908121571808e+00
3.810284412189610226e+00
1.482698216455867524e+00
1.779125662077768899e+00
2.762014012527640006e+00
1.939558116362257500e+00
1.695839747070828851e+00
2.083685144758311125e+00
1.632361334672099984e+00
1.673657259930735997e+00
2.036123702153802117e+00
1.654467583550548682e+00
2.219158943134069251e+00
1.705835871928011782e+00
1.795743164270398484e+00
1.849240521672273152e+00
2.175521716105805137e+00
1.860864322791701664e+00
2.756980125712097607e+00
1.171992629142415421e+00
1.921561811002010511e+00
3.289850329620404690e+00
3.894081720157474003e+00
2.569438923936971708e+00
1.945214796806651991e+00
1.448638418575387776e+00
1.186254707072893932e+00
1.575943491586778045e+00
2.713033884188220224e+00
2.478651952081264653e+00
1.753657275524717063e+00
1.520264560980988167e+00
1.456561273248773825e+00
1.260247473127093176e+00
1.470623989527066522e+00
1.200154461517697335e+00
2.255866910102314993e+00
1.846152014692558518e+00
1.511170772347374847e+00
1.935820516554097814e+00
3.987848199367191704e+00
2.676204805028748801e+00
1.674520358845438928e+00
2.164423988178128866e+00
1.612668539027392045e+00
1.943668505119023227e+00
1.846966229940767867e+00
1.728873416542485497e+00
1.716934850968119042e+00
3.252602056507602590e+00
1.416304786725653964e+00
1.868466922273209097e+00
1.829299025952146218e+00
1.279385500512204787e+00
2.220825834196123783e+00
1.336306847587180879e+00
1.675412795272778421e+00
2.019004036826632653e+00
2.158738658009396794e+00
1.905509230500517681e+00
1.696006911874020640e+00
1.585715385118421361e+00
2.462623537513444649e+00
3.171748905719028677e+00
2.255944088834037853e+00
1.484221922169782992e+00
2.800838169045254400e+00
1.525795767074173970e+00
2.352454623416317059e+00
1.038318623436039978e+00
3.876728183881183121e+00
1.900492968104793734e+00
1.244225209853528469e+00
1.539078012137249152e+00
2.746198052839997850e+00
2.162983869987257446e+00
2.851117836813456208e+00
2.348432317071267317e+00
2.018344201212355582e+00
1.986809267241988808e+00
1.340627610459621311e+00
1.936073824127660048e+00
1.649988077014589827e+00
1.779781292589026398e+00
1.803706860437262582e+00
3.964296632918977714e+00
2.719339830385477885e+00
1.387594327385443194e+00
1.862894608171513422e+00
1.744865337275764317e+00
2.724908579890597871e+00
2.146134865969059113e+00
2.248246414864300213e+00
2.983734049512130060e+00
2.485537486987758449e+00
2.339324146310176822e+00
1.534203467324164238e+00
2.138016388391676070e+00
1.685829943479665971e+00
2.944013537264297931e+00
1.337520000964796285e+00
1.458240865221593907e+00
1.565755112635191848e+00
1.700369901954229990e+00
2.784721649480421224e+00
2.143481986923751581e+00
2.431188605816839043e+00
2.522239118471691022e+00
2.071684395604472595e+00
1.607826904202715568e+00
1.885643126489153110e+00
3.051475673197190375e+00
3.198357701841850087e+00
2.981284011017096613e+00
1.371048628871583297e+00
1.759435261561615560e+00
2.105094689661410001e+00
1.770439386955313221e+00
1.927280667295886207e+00
3.113286086147847964e+00
1.512096505555862391e+00
1.518395455693219320e+00
1.349912525076133241e+00
1.708733580252382867e+00
2.045896168798213122e+00
1.905953912542572626e+00
1.347469399162402715e+00
1.649111619807013707e+00
2.417097062036876132e+00
3.178976180328751511e+00
1.435425659338054771e+00
2.101472024104157565e+00
1.894898958839716263e+00
2.892131706533179081e+00
2.810225008161569171e+00
2.751035376748957262e+00
3.454747497892577623e+00
2.172902803498689028e+00
3.386352944000532439e+00
2.153396853207245609e+00
1.701571371024616086e+00
1.877643538890134689e+00
1.899684591990470350e+00
1.434340189849798941e+00
1.620241324054487730e+00
2.732984266033771537e+00
3.146981417447160201e+00
1.869743821871298950e+00
1.836030219452809309e+00
1.679365519867061174e+00
1.867931444970009291e+00
2.648226745526772508e+00
2.859243146889830278e+00
2.154398343648644687e+00
2.908244005903190654e+00
1.871795698047654888e+00
1.333649706542318070e+00
1.501553777620771246e+00
1.333838590244279532e+00
1.861042853896324845e+00
2.071165237690791194e+00
2.186688680090233650e+00
1.828376398936303771e+00
2.614816585667987692e+00
1.594519803441439842e+00
1.891184758435818569e+00
1.915503816515557345e+00
1.642693401551099441e+00
2.837852405126570776e+00
1.958690102784746756e+00
1.837712928490792486e+00
2.863414564841693988e+00
2.788895253164793697e+00
1.285094353349425678e+00
2.796908378387694682e+00
1.566911728135973902e+00
2.104307806792111712e+00
2.208404074893214553e+00
2.344743653810828832e+00
3.178372820064793380e+00
2.324486985341222667e+00
1.652732908242786625e+00
1.459647340232644863e+00
1.290815802968459547e+00
1.698122806343706603e+00
2.109575690455078867e+00
2.262474017373842017e+00
1.781928506052814942e+00
1.382836869145995795e+00
1.597417094448596808e+00
2.785804919041401817e+00
1.688188149537348526e+00
1.905559289680267776e+00
1.910455911935410978e+00
2.286786589304304229e+00
2.171776246794559828e+00
3.112889684919995847e+00
1.632254453830397134e+00
2.882892312235242560e+00
1.765721175407056531e+00
1.490873927721743986e+00
1.460638363096695480e+00
2.035334435633113781e+00
1.764591942788908074e+00
2.595085968307066171e+00
2.786248552374889886e+00
3.249793185522610983e+00
1.459567709849509898e+00
1.816681025503681157e+00
1.668489757856112199e+00
1.366126731295651320e+00
1.291038191798733248e+00
1.174790697279793683e+00
1.207336057282648811e+00
2.469448633156066109e+00
1.262700536809202356e+00
1.361552302437028406e+00
1.251079033081819336e+00
1.257895362706660469e+00
1.387526182410104614e+00
1.695168056517472266e+00
3.049635127278227387e+00
2.583974437250814660e+00
1.759531345089795584e+00
2.853336941157837092e+00
1.322028485492939165e+00
2.324004766710852543e+00
2.377550183098974923e+00
1.784686987833806082e+00
3.587180151929742600e+00
1.116702958735953599e+00
1.691535473182873117e+00
3.188931433941223581e+00
2.421022782042558941e+00
2.621073365713421754e+00
2.720066972576910658e+00
1.810629331271404130e+00
2.055104281747214046e+00
1.729596216497933270e+00
2.545215848912990353e+00
1.641931260007492899e+00
2.251353654978349272e+00
2.311241956357129368e+00
1.324500191174507124e+00
1.644878044014562724e+00
1.564676743221677269e+00
2.807753254102999474e+00
2.689737466969154056e+00
1.660049671813050631e+00
1.835189468963817294e+00
1.309022591802593061e+00
